360
1
709
953
249
145
436
998
424
751
925
430
279
980
961
519
923
409
789
334
727
498
945
307
883
708
487
934
459
834
33
81
865
511
482
540
691
18
659
500
756
304
628
822
696
123
451
727
684
518
841
740
318
833
861
997
196
665
866
244
14
310
6
238
409
286
25
754
885
571
703
872
794
784
965
296
719
122
774
464
557
438
959
89
136
678
331
816
993
431
381
775
640
921
221
9
816
237
953
428
109
511
828
465
462
449
966
636
639
736
227
196
115
580
590
837
207
427
668
906
136
199
430
291
889
137
507
721
914
853
154
996
954
526
929
944
267
948
498
796
257
666
814
47
228
886
950
380
79
570
682
112
1000
806
509
154
736
212
748
661
515
242
20
954
37
959
654
959
382
117
542
465
11
980
533
81
712
273
934
921
110
734
290
630
235
745
701
573
636
725
658
956
419
766
751
674
990
622
230
923
359
932
456
963
478
322
316
116
519
522
842
914
744
295
32
453
434
650
701
708
95
614
533
47
900
323
480
78
22
130
132
551
826
38
152
69
83
723
191
427
691
32
795
493
532
488
559
60
205
101
623
258
45
457
334
920
572
564
125
830
526
148
293
355
945
556
921
691
597
220
721
179
749
530
976
798
597
639
97
892
58
874
52
170
466
457
594
887
578
146
402
944
569
302
921
818
239
642
608
331
140
778
827
752
860
182
218
910
982
966
953
353
809
623
798
929
50
806
775
668
734
239
135
373
92
736
350
896
680
323
221
191
949
283
106
61
557
563
245
938
913
119
518
891
241
346
216
642
402
901
951
141
217
190
209
898
160
84
967
845
997
299
737
728
370
224
160
895
516
36
504
590
36
231
610
134
649
933
397
49
105
735
573
695
628
2
749
199
804
495
67
914
701
263
340
932
25
782
664
353
873
393
722
338
512
922
823
946
992
793
93
31
572
691
226
531
919
172
70
853
262
529
341
455
841
895
560
836
842
703
734
275
259
852
136
677
225
911
768
828
387
836
881
294
976
933
619
232
477
442
713
325
376
693
174
283
614
571
649
719
447
886
993
393
218
64
513
863
90
701
375
939
484
200
664
720
433
598
854
796
589
534
226
871
229
27
906
89
627
752
974
748
422
488
245
845
597
666
640
677
934
52
48
736
112
106
301
392
268
565
49
914
430
479
359
476
109
483
742
872
343
786
579
856
826
949
93
49
218
763
688
639
154
849
73
833
17
726
351
489
612
799
679
595
68
449
598
908
32
67
288
918
560
431
969
615
889
632
18
237
691
165
865
26
506
240
678
873
695
156
942
778
844
523
911
696
603
203
17
960
991
343
905
561
999
177
457
107
583
144
883
254
302
461
854
633
741
996
226
922
256
984
714
861
723
446
723
291
353
854
380
853
50
196
180
661
571
607
737
668
527
926
920
468
922
361
689
144
846
586
1
466
719
352
980
44
277
838
724
449
180
997
618
312
856
604
804
591
484
432
859
237
510
504
189
717
61
156
746
451
427
459
858
987
870
420
56
930
826
66
558
208
947
255
617
7
434
391
4
594
156
580
758
106
777
208
393
448
551
494
943
576
185
268
995
555
896
720
415
275
892
971
976
114
934
926
415
647
668
347
376
828
51
717
302
293
391
557
381
168
237
780
394
538
164
530
288
189
693
557
833
335
444
998
665
839
713
841
799
824
352
215
88
433
44
584
274
250
875
811
938
415
957
116
343
946
676
53
714
75
187
495
276
590
543
692
345
541
912
406
590
345
522
478
849
66
993
631
578
688
665
970
864
494
131
916
178
339
16
249
254
59
444
23
850
635
142
691
501
680
937
626
884
803
832
374
268
255
160
271
284
552
912
971
770
507
531
784
640
213
887
774
518
124
78
445
2
238
59
17
225
742
817
247
683
577
370
464
889
819
163
349
697
40
787
753
52
504
548
595
512
380
321
576
937
376
701
397
905
970
559
564
327
554
241
194
150
257
838
326
620
135
642
593
282
480
136
560
686
790
96
582
606
797
662
959
352
151
956
449
396
503
476
97
844
380
175
473
151
167
894
449
254
715
588
260
470
172
806
528
782
71
601
22
544
318
133
690
400
359
343
707
502
550
260
64
198
217
17
159
504
569
94
933
538
531
291
700
253
392
911
455
394
61
237
692
302
79
202
5
166
753
382
422
752
468
792
944
858
138
4
298
169
830
453
87
243
257
159
687
301
786
52
214
164
855
490
530
34
242
250
884
897
723
697
630
281
942
459
371
984
760
527
335
357
451
375
453
959
300
