3090
330
3657
3694
6871
2675
6403
479
1902
2643
9291
1642
2424
5385
5492
3534
7189
6980
6490
8061
3487
5379
6537
6336
88
1369
1556
4239
892
5073
9773
4163
831
3451
6251
4684
8404
8190
2628
4022
7717
2935
8502
7219
8494
1343
9524
3544
3381
4317
4860
2799
7534
3099
9701
2807
8024
3921
3310
971
3752
2156
6698
6539
9092
4543
5212
5100
902
6612
1972
8598
5552
6188
9455
9899
5721
2633
1837
5585
5854
267
5979
2096
5599
2529
9285
3487
4635
3587
3235
5141
6301
2769
5854
1596
5176
8427
7455
7422
4056
1131
3639
5011
3091
5333
2060
7389
4817
9464
8509
9659
4141
5276
5765
3917
523
7115
6563
3112
6003
3635
8923
8135
2515
7595
60
7665
3912
1242
4140
8427
3165
1951
7464
1617
6868
1588
4082
6639
5995
4265
6467
2871
1696
7735
4816
5876
9984
5804
4984
5017
8873
1126
4256
2901
256
883
692
9072
6355
145
5879
6482
7875
8102
1954
6775
2307
7833
1096
6405
8749
2806
7237
4735
9031
7020
1770
5346
534
3652
6727
7644
95
8094
6349
8313
8785
2786
9346
4900
3242
1690
3147
5029
2520
6567
9858
9119
3825
3471
2933
3747
7473
4989
3434
948
2758
1903
9393
1679
8772
8024
1949
1866
9462
2889
3435
3605
6871
7380
8567
4451
5740
2954
1132
6244
5804
1509
3054
7632
656
4290
764
9557
4061
6381
6213
727
8263
2420
4689
6261
5136
8891
1548
9941
5197
8096
7185
5983
5975
9669
7063
8340
6320
862
3055
4793
4676
4495
8582
8816
127
8904
5972
8403
8920
9325
9995
4391
5151
7188
5858
2084
293
8437
8019
4741
416
4100
3729
8213
7714
7938
9399
3840
228
8999
1660
5548
4548
1935
8371
283
625
1027
3649
1586
5208
7671
7494
3658
2254
2407
8511
9869
5745
6892
7476
9161
3460
413
2666
9827
5873
2683
2523
2518
5187
513
7757
6464
2451
5477
2844
9464
1743
9796
7641
3241
1912
5854
6561
3730
9043
9269
1288
4854
6342
6113
5653
4092
6588
7278
4085
2936
2931
5783
7385
1560
9347
551
7311
6761
6269
5483
2680
204
6421
7632
3541
6378
1163
9304
4874
8843
8329
1479
4766
2556
7951
4526
3825
7169
8313
3151
1706
3595
6127
1422
5339
5721
6758
8567
3481
7236
418
9571
2088
4389
9385
1759
9311
5987
9007
9929
2112
4840
2599
7842
2511
4304
6632
8829
8093
6159
9376
7174
2190
3890
6529
5504
2346
3513
2917
8008
1279
2868
7979
1968
2117
3805
6243
2558
274
8020
7300
761
1681
9272
2819
9305
7144
5209
347
1425
7801
4785
3027
4811
7399
8984
8388
2982
4132
4972
5697
5084
2166
3841
7802
513
2705
6675
6957
8489
8424
4639
208
1529
6821
7097
1420
5793
7588
7225
5353
5832
3520
2869
8664
5141
1813
4926
6842
7573
4651
7453
9067
1929
5144
3891
9467
4331
2192
1251
506
7561
1352
2615
3094
2963
9561
8125
4673
630
4919
9708
4250
4609
1935
8414
1433
9587
3466
4314
6318
2998
3935
8637
2946
3423
1173
6191
8105
6609
4682
6198
7211
10
6155
1576
9681
5904
2215
1772
433
3430
7501
7272
9832
7857
9531
550
2052
7927
4380
1161
9805
4832
5679
5645
3318
5476
513
2404
8447
4403
6259
9075
8391
6279
6197
3340
2968
674
2297
9264
576
6536
6228
1610
6653
9350
7219
3821
1747
5714
4059
276
5641
3979
8131
4558
7535
5484
8824
7846
8859
250
7344
9787
3403
9625
7294
6757
1295
8233
3890
460
4553
6446
9923
7811
679
7266
8292
979
8333
448
7447
3620
6421
7559
9069
6445
2617
7086
239
9441
5666
6810
7291
6128
3964
2564
4992
3115
5083
5399
2499
897
4264
8494
1177
9726
4663
3214
7049
6254
9332
9265
5447
5400
3010
6172
2808
3431
4976
111
8050
7759
6190
9360
9289
5726
7404
953
9434
6734
4827
5598
7066
5077
182
9606
205
9161
3897
9425
7165
1160
7728
4654
5387
7310
49
2416
4750
7049
4477
8961
3019
7119
1158
4854
3652
6113
1686
5145
9757
9025
7067
397
437
3415
8121
3796
8653
5478
6945
7973
9302
5166
100
4348
1355
7824
6449
3114
2054
5650
6117
606
2877
8156
9239
4217
6719
4112
5105
9106
4824
1174
6291
3599
7549
2506
864
1889
1300
8843
4684
4130
2716
4417
6438
1402
3209
3375
5078
3328
7778
8768
3335
528
3879
122
2652
357
1075
5743
1029
6664
9892
4560
8889
9604
9190
7967
4807
4498
5664
7315
7390
9251
3280
5407
359
4953
1438
2687
1536
7614
4456
8322
8924
8622
3654
6268
3587
4716
193
7030
5030
7648
7125
8293
7744
2173
6986
9690
9612
791
2616
2146
6045
1424
6647
4773
2414
827
4979
8808
807
5725
1818
8440
1497
250
8016
240
1106
4768
9958
4296
8907
5061
1482
9347
5643
4723
8401
4450
9592
2870
2001
9471
1261
7332
2138
6666
8104
9558
1321
1776
9821
9732
6013
8321
4902
5961
5194
5886
6593
5243
1680
2215
1943
2304
1511
2715
5341
3365
326
197
405
99
8418
3996
1934
7342
9841
5778
8366
8989
3005
9439
2776
4970
1709
4951
4576
8330
5763
9184
4368
7160
9453
811
9564
8508
6242
8819
1893
6586
514
3974
8058
9305
1578
2151
2379
7956
3400
6332
1519
7464
6970
9994
7982
1063
7175
6567
4050
165
1088
2722
238
2472
5462
9181
6950
5624
1829
1569
8213
3264
5198
7064
7973
2315
9891
7479
2884
6588
1166
1034
2212
8431
149
376
6156
3315
1492
4823
532
5376
8642
3504
393
4843
9380
7000
7802
2059
7996
4489
2791
9915
7768
4697
5435
5042
7705
8686
2154
6403
4178
8092
9473
5559
2342
3321
6479
938
2304
2398
7713
4832
1353
89
8178
9810
775
7804
6626
5394
1287
5447
6652
2465
6036
5822
183
4417
1375
256
4568
5824
1998
8583
8136
9355
2040
8199
2502
710
5112
5402
5487
2984
9991
999
1466
2985
9578
2477
6908
3029
6820
7806
4155
7598
5572
9192
3741
7657
4235
3010
7690
1333
4265
8445
3236
1520
9838
3001
8966
5053
6976
2420
6228
4548
7693
9520
7050
5241
6413
5980
9337
7417
9238
1392
2826
2341
9743
6875
6180
4547
6320
44
3773
5046
5768
4585
7393
1144
845
4542
993
652
7519
9811
6924
520
1824
2154
1562
381
6927
6193
7341
2437
6490
3786
9090
3014
2362
3123
5012
1854
809
4942
7273
4933
7060
2124
2248
9360
1618
7968
867
7790
5219
5408
1536
1144
7801
8520
1295
5660
671
3893
5231
3264
8783
1574
6769
8925
2058
476
6465
9574
9786
6720
8181
2845
6194
1157
3011
6596
4880
6064
962
1924
9151
2630
4572
2985
7456
1043
3883
9577
6614
166
7350
2151
3372
9862
4860
8369
7571
1450
3172
8496
4034
9819
4155
9790
2769
5874
8576
4587
6787
8376
2170
4309
9599
3957
7182
3359
3987
5413
7807
8332
9790
2287
8914
2378
2565
4668
4169
2418
6803
2876
9423
5368
1785
7561
9943
4524
4157
4622
4545
7613
9953
841
3218
7488
7945
3188
8731
7226
4705
2471
6995
5096
4493
3473
9215
5855
9046
4752
9549
59
4039
1881
5488
6841
6168
5191
8446
3732
7180
4185
1880
7405
5937
5205
963
8717
8662
440
2414
9362
2798
9447
4417
724
3972
4583
8721
7920
1675
7386
102
2685
8074
8693
5193
1882
5968
9313
8761
5896
2384
500
3957
5579
6868
9576
3916
6901
5344
453
4369
9247
5401
924
8640
2640
4064
9199
9764
9127
2980
9710
3879
2326
1711
9700
4727
554
4344
9306
1610
3202
4722
7041
5736
773
6680
7651
1368
1725
178
8532
5399
4499
7541
390
8403
5557
9351
8726
5813
3589
4691
6668
9727
1645
5749
1858
9849
2637
1275
8325
2521
549
6467
9246
474
787
3582
5817
9783
8165
3050
2313
7921
2780
9329
2769
6049
2021
4098
6731
6607
6580
783
5259
84
8717
9160
7578
1175
2207
3036
5044
6114
2860
7814
3550
7797
1273
552
5729
8272
2866
6074
4760
1104
4231
5767
8281
4943
8451
3994
5397
8913
7310
3874
151
6578
2041
5909
9321
7886
2820
3797
4727
4867
1047
4649
4877
1306
2755
7292
3932
9057
5778
4750
66
1404
8433
3602
1282
2634
4234
5410
1868
248
8291
7028
3337
1114
4713
9816
4215
3711
7144
5902
9488
9473
9678
939
3392
6119
5845
7493
8476
2324
700
8229
7403
3274
1268
6879
9517
126
2877
7260
6262
9122
4093
6565
7869
5503
6318
7874
7671
4326
4140
5491
8548
1643
9903
4149
4827
5073
8457
8728
2801
8074
5384
4651
9293
9839
2872
9695
8494
3169
9967
8125
6469
7844
6919
9928
4221
3505
679
218
1475
8829
1957
7551
2308
888
8432
9849
8464
7485
2340
1539
4392
9318
7935
8158
4528
9084
2483
391
8789
8326
4345
4461
3963
1944
5262
2775
9622
5377
1348
3264
5999
7853
6866
6216
687
5830
9608
1721
1778
5577
6972
6847
8160
1315
542
8782
7007
8277
7677
6930
5281
8382
215
8073
514
760
1967
8144
9778
3971
8441
6188
133
6193
3353
9705
1544
966
3423
1600
1679
2445
8766
9132
8235
8350
7344
1727
2732
9084
4408
4784
35
9206
9513
1489
1726
9983
1305
6680
660
7066
5327
2926
7578
2926
8752
1295
9029
7602
5507
7531
4373
2988
8434
3434
3260
953
9054
3001
7302
4663
9866
9169
6076
2798
3171
5159
6220
1855
9516
131
688
6918
1240
954
456
7150
1386
6745
670
2721
6708
1058
978
5132
4410
647
6980
7010
2923
4109
3067
6601
5281
8454
8952
6852
8948
4254
2970
7032
9599
8698
5533
9379
6920
5264
1652
6640
9062
5699
5889
9240
9330
2400
4622
2636
8548
5531
347
3447
7021
2885
8473
5461
1733
4669
6236
4495
9411
4136
1367
2295
7551
8451
6702
251
6566
5915
6844
6586
3005
8870
1985
1067
3616
8480
3301
4360
6229
273
3514
781
5436
6930
4249
9441
137
2433
5132
4072
8708
2039
6654
191
6649
8050
8786
614
1906
9482
3103
9107
4448
2223
6611
4730
8335
608
169
6866
8495
7443
6534
9773
1343
3853
4834
6144
8508
6774
391
185
3567
6111
3410
3570
4695
8386
7091
1826
6637
4673
2689
8213
1783
8957
323
223
5644
6957
1364
1834
5167
5575
3571
106
1564
6491
5143
2593
9172
8465
1749
2931
8924
8996
3548
8246
3721
1572
3906
3477
5815
6686
1071
3566
4605
6120
8274
3520
335
3267
3634
7158
8692
1721
2471
9456
8594
878
7891
57
7711
6104
4480
8196
6170
4675
7615
2965
2728
5884
2542
7775
8686
2345
7040
2599
7828
4436
9471
6984
4842
527
2343
3037
887
2387
6563
992
6891
5842
8135
9367
4191
5505
9030
7749
9641
5859
5967
2111
2924
5400
7772
1754
9071
9209
5372
1783
3398
5833
3447
4235
7388
9012
9574
8762
2931
3455
1145
1054
1684
3206
3590
3227
3746
3668
495
3508
6030
2190
970
3221
2572
6215
3538
4290
4804
2453
4555
5949
7205
7402
7628
8171
697
9764
6314
5302
1174
100
3375
6237
3798
6228
3471
9407
3508
3593
8721
2620
2064
9457
3789
7604
6661
3367
8820
9914
8614
3541
452
3600
3540
4069
9662
7705
4366
2157
2194
2306
1507
3981
7191
2649
337
7849
4094
8608
8634
9952
1209
8751
1519
4614
6574
8555
3151
3157
693
795
6766
8989
6431
2250
614
202
3084
8339
4274
9980
2790
2469
4319
4687
379
684
567
349
5228
6025
4835
5706
2287
674
8703
5324
6748
2296
7171
5905
2989
842
3333
7923
5785
4639
7137
5855
3509
6407
4931
8604
6692
171
8576
7684
8355
3447
2486
5466
1374
1506
3500
7996
6849
379
4155
880
1320
6361
4263
7732
4182
1132
7800
1122
3483
810
3915
3518
1883
2504
8695
8213
9078
3265
3427
5350
3369
5005
9193
9429
6449
392
4267
2562
2838
6893
1146
1784
2425
6995
9283
9769
9987
8682
6134
6090
6688
4696
3887
2495
1146
4407
776
4385
4427
2741
1524
8409
3893
2276
5665
5683
7541
4208
6636
2904
2322
7421
5472
181
9561
1040
7085
4878
6398
3100
403
6809
7583
3707
5583
587
8482
4421
5812
5062
3167
8226
8630
5849
1932
6657
4568
2715
6563
9006
454
1943
9445
1705
83
6551
3823
5696
8703
2301
9410
5620
7844
8339
9141
265
3837
2371
8688
2372
5407
785
3350
2416
3101
8945
2571
4164
4360
2064
2580
539
7919
9069
6817
3264
9635
6603
8674
7977
6447
1736
8031
7103
6669
1252
6544
2266
9294
9383
9785
1528
6508
4822
7154
8980
6577
6323
6267
4055
7906
8310
662
5111
782
3826
3337
4861
311
4318
1182
5935
4932
1252
2771
3059
8189
8862
4554
3589
4994
1007
6647
5007
3621
8931
80
8738
4551
651
3217
4635
1009
2852
2850
4795
6633
4349
6693
7346
2718
1670
9575
6268
2909
7329
7102
86
5102
6864
4623
3915
7617
1012
1449
6809
4837
7230
975
3202
1219
6512
5165
6621
3507
4818
3130
1367
2116
590
3186
3565
7589
5693
5289
610
4061
8005
5012
5620
4883
1952
5455
6323
909
7538
1946
6962
3463
8665
999
9698
8101
4742
581
7302
265
1922
9785
4751
6736
9342
6425
729
4984
8980
8918
6511
2059
3766
2641
1035
2360
5441
437
1927
6011
9479
603
5507
9669
701
434
2347
2596
7271
7821
2749
2837
4284
5375
5638
6157
8121
827
9283
8767
758
4353
8063
8421
2834
5922
639
228
5082
6960
4447
4951
596
6889
4892
6812
354
8764
5591
6648
4561
1399
5916
3819
3187
2564
291
6114
1864
202
2447
2728
6525
5502
9676
4878
6536
1558
277
1152
1662
1320
3917
8260
764
5725
1790
3871
9018
1071
2162
7760
3318
4377
2421
1943
2576
9654
3005
3212
7977
2951
2879
8093
5943
8118
7255
1460
4645
8635
5248
6922
5836
3752
2807
2425
2687
8790
927
2651
1813
1434
4623
4043
8597
8824
4100
9621
9646
5853
9802
9673
1816
7462
7738
1540
2068
7663
4649
2998
8323
1020
259
9537
5983
7787
4367
5514
9231
1038
5499
8497
2765
7140
5319
6887
3640
5812
2225
2740
1908
3774
2627
2424
1470
4776
3931
7923
1830
1658
4801
2871
5648
3157
3370
7322
8042
2022
6679
6247
8411
4730
3745
9089
8458
9005
5839
1454
7998
1084
4208
310
5258
2531
4222
7009
3351
9152
3256
5738
3243
2452
5265
3224
18
101
6014
7657
1523
4000
9531
2062
4509
1510
2420
3713
8801
2603
4332
3682
4854
2028
9137
8465
1024
5651
9318
9727
4501
1014
9400
481
3483
1205
9954
2808
8556
5789
9515
2361
3736
4763
7956
9297
9651
307
3474
1165
1255
3954
4078
6692
5933
8106
3249
6750
1243
9700
506
1240
8255
1815
3798
710
907
8386
4822
388
4096
7719
6237
6069
7128
3283
5246
4033
620
525
5605
7828
9140
797
6796
5394
2505
703
8225
4839
8560
7990
1250
127
6914
6577
2494
6964
9152
2270
3958
2826
6578
7753
8614
899
5067
8170
3389
8327
1375
4276
7652
4829
5509
4266
1749
941
6391
2480
6631
742
1980
9461
7597
6204
4818
1672
1290
1815
4356
9950
4776
5844
5233
3012
9486
2040
1274
4049
46
3392
5184
4015
9855
8543
4689
4486
9385
40
6202
9975
6440
7901
8999
8102
5433
9310
7966
7950
2562
5884
6261
4574
2966
2031
2795
1476
5902
8506
4275
8225
2329
6450
8342
2545
8368
7059
150
8514
887
6713
1815
340
5485
2767
4542
7910
5502
6515
3801
9632
4891
7335
2926
3229
9380
2505
9130
1713
9542
1884
9709
6454
8447
8191
1761
7633
2197
3442
4400
8234
4163
546
5768
1183
3254
4677
1433
7762
6134
7675
5477
9115
2547
3886
4255
6066
8154
1993
9636
8906
9059
7791
7540
2451
2570
3255
5198
7344
3172
5587
4309
7459
3719
153
9861
5402
1744
1648
8601
4840
1814
4595
779
3072
7925
1041
5202
2973
8274
5158
9396
4800
2190
4010
1396
4351
1029
4825
9638
1153
6529
2540
378
2263
8105
4436
772
1414
700
6576
3391
5421
628
7095
8962
7392
569
9942
855
9826
43
6642
7019
241
6629
9721
6844
4771
8212
675
556
8961
8756
8157
7042
3555
9121
752
2851
223
8968
3598
9776
4467
553
5813
512
1039
9057
4301
9199
3750
3654
8840
3411
7276
5395
8508
2176
5180
9953
2771
5927
8253
100
3123
4915
9412
1452
303
3586
3632
5934
1922
8615
5961
7472
6635
7669
8115
8290
6855
4147
396
929
3411
9447
7499
2597
6760
7297
1893
6799
4835
790
7142
6727
5906
7359
9467
2899
2923
226
4036
182
6326
7353
3235
3552
9297
5615
60
5152
9275
5154
5952
3333
8767
9489
2134
141
6733
705
4108
6703
323
930
3114
8339
7646
4804
3878
724
8531
7877
2295
2321
7072
1521
769
2465
2278
2152
7117
1061
5487
7281
1675
8409
1861
4122
8058
248
4509
2194
7393
2753
9600
8484
1218
8397
2958
5481
4469
7383
894
2675
3992
3502
1723
2066
6086
4482
5587
7046
5592
6005
3693
7902
8640
369
896
5549
836
9956
8756
4100
8945
5008
9434
261
5667
7684
8404
938
7949
7784
6947
3996
3840
5637
5164
1081
363
8889
8888
3316
3954
1433
6548
269
7165
5179
6199
3626
2567
3502
631
9977
7738
1866
3685
2175
7362
7611
2445
8695
2070
9947
6986
9600
391
230
6151
7455
4543
5309
7313
752
3603
9732
4828
7518
8899
9729
2639
2043
412
6492
67
5219
1941
3497
8311
2999
9103
8906
4925
3046
7478
8832
2683
4959
8864
9659
5253
7553
1287
569
2301
9613
4618
6698
6128
8750
2882
1326
930
222
2320
8537
3415
8133
5007
9262
3579
8075
4917
9261
3765
875
6933
9352
2928
5830
9911
1482
9629
8388
4353
8218
5150
1763
8340
1740
5834
4858
7538
1251
8778
4655
8448
7639
4818
6652
583
8880
3673
993
7193
4934
4816
2236
5767
8402
8606
2641
8389
3477
6440
5545
7709
9726
5586
5859
7906
9462
2523
8704
3209
197
7124
3125
4628
9423
9538
8663
1249
7226
3922
5755
3333
6301
796
7258
4367
2063
7217
7776
420
3608
4354
8141
4514
6222
378
8259
8093
9780
3421
2821
4482
7688
6149
4040
3962
8855
4439
132
4476
8817
3195
1822
3061
3220
3696
9754
5218
4911
2010
5171
8808
9956
6377
1035
811
7152
2424
8896
3266
7003
464
1201
8353
8442
8152
4069
2778
8735
1796
8104
365
1762
1037
8592
6821
2239
1747
656
9628
6740
9081
2946
6637
864
5890
3314
8614
6089
6652
3511
9246
9037
3233
1763
3976
2855
755
9281
70
57
2865
6990
7106
4329
1376
4178
6158
4866
5254
701
5087
1564
7961
6228
7493
9982
1240
7323
9970
445
8192
7819
301
5864
9801
9786
2527
1870
4061
3232
4883
2845
2362
1077
3491
100
8397
9246
7515
3976
4087
1133
1197
661
8705
867
3341
6331
732
1376
8364
316
4972
8844
6169
4293
4597
2496
3900
1857
7811
6802
8401
1324
1068
9513
9994
9009
793
1967
1412
1797
6779
4119
4893
3189
4644
6074
6094
7044
167
5134
8829
1823
489
8980
7912
9377
4238
4712
2415
3956
9589
1320
1157
818
9690
8013
9693
1051
7097
2362
3037
2002
3404
3256
6882
3268
7638
2071
9746
2177
4277
5193
7683
9051
2706
1187
2017
8434
5545
497
3269
5011
9339
9512
7549
650
4121
7516
5546
8364
5046
285
7318
9456
5958
9095
5096
322
1679
663
9005
7717
4715
7652
5655
841
4563
663
6351
8519
210
903
4105
700
3109
1857
5983
5597
7270
3106
7661
6331
8612
3647
6470
8598
3120
4557
7389
6418
9701
8980
3784
2180
578
8756
6213
3224
44
367
7940
6121
1940
8035
5146
9565
7520
4492
5668
7904
3633
9414
4879
4295
3057
3304
3938
1320
9180
8706
689
7763
5049
8372
6467
8372
9569
1404
8046
4024
4019
6669
7202
8386
9350
4223
7399
2211
8284
9986
2937
6588
2376
5150
3168
5484
2868
8217
4659
1714
2575
431
326
6282
939
2798
2887
6756
5903
4000
8529
476
3556
9641
9220
1902
3982
326
5185
6530
5797
2366
4825
5836
9532
759
2629
1480
9748
1741
3884
6643
6159
247
4650
5974
2252
9904
7158
3039
722
7958
9056
7166
5579
1869
9808
234
6285
6748
9089
8605
2568
4766
7899
7290
2172
2246
9390
5347
859
933
7663
1126
3777
770
8786
2653
5430
6598
5383
1542
2302
8996
7426
6772
179
8865
5372
3830
8111
7196
6589
4569
2513
7321
962
1887
6129
5589
7676
650
7439
4738
2036
8705
552
1955
315
3730
8238
7853
5912
8015
9528
6361
5371
8621
8201
2244
5085
5836
678
1378
7437
4020
2335
557
8193
9984
1356
3012
2258
1833
41
723
1770
5792
3027
1250
8893
1290
8199
4162
5792
4096
2989
2848
9483
2246
157
2467
4302
939
3767
4204
3874
8419
1246
7150
6140
3478
7108
568
4143
7605
6337
6558
2779
9910
2299
139
3487
1359
3665
2656
3559
8859
9854
9995
3269
6331
8465
3725
9764
6001
7871
3225
513
370
3642
6258
263
2437
4105
9758
1615
4922
4334
3167
711
6393
3989
2965
7190
1861
7053
5278
608
1308
9365
7037
7614
7801
4808
6660
9787
371
6138
4844
1764
9061
7605
9655
5835
2520
5837
6408
3045
9266
9707
5976
882
4921
1036
8526
7050
4362
502
3879
9297
4192
8468
9807
2743
3768
7671
650
1904
1556
1180
853
7716
5845
8392
5462
5757
6414
1012
2920
6829
6626
5969
7725
6247
8660
6386
5213
2834
6065
58
4883
3056
2562
354
1354
6471
8068
3507
3975
1344
2025
411
8586
9801
8042
3589
3875
1626
2655
8292
2185
3022
7185
9030
1020
8514
4580
4404
3986
842
8263
640
8425
36
3338
9481
6190
9467
2195
6653
5790
6754
5336
3373
6256
9673
6009
1527
2748
1115
6530
2118
4353
5024
7330
6296
3996
8090
3770
7765
8843
3575
707
8926
8926
5643
7121
9059
3525
1348
7772
7458
5460
1245
8074
9979
7928
6935
7943
4093
9949
1737
2065
3129
5771
4202
8867
9201
6720
8078
1974
3159
3465
9275
8949
1610
5716
4013
6961
1171
7773
857
6662
1919
4072
9660
7072
6093
2340
931
3998
4322
689
8867
2327
2303
2168
3845
5786
7767
6349
2386
3143
3017
4097
6479
339
7907
9141
840
1877
1847
9496
2622
9622
9394
5928
642
5638
9698
7275
939
9210
8142
9892
4158
2642
572
8515
7318
1869
3856
9772
831
7206
8726
8990
3881
9270
4199
7206
6460
4699
7423
2609
258
7066
8622
1971
5851
1179
298
9368
4472
947
9819
5967
5992
2382
8460
5221
1178
1390
3657
4687
5840
8796
3126
1684
9284
4131
52
3174
1865
648
934
7523
1957
47
4485
1961
2469
2793
2927
6965
7820
5800
8074
1259
3348
9667
2721
4055
8478
4838
6670
1219
2420
639
8265
3404
4091
4518
803
1461
6548
9288
856
4592
3525
8
1235
9821
1230
2247
1112
8621
6123
3430
2660
6830
3474
7224
1280
7710
5771
8503
940
9758
9161
6768
3595
3439
465
7223
8729
6340
2014
155
751
3892
7201
9140
4853
4779
6951
2276
3918
6871
741
4374
9542
6304
7009
4214
2906
9820
4047
5112
5390
5011
9365
9871
3795
3848
1652
8809
4636
8250
1497
2022
5111
636
3350
6637
3688
5410
817
3003
3575
7282
6638
2811
2166
9578
3029
3996
1486
4431
7753
250
2844
2518
3716
806
1872
2997
7217
8847
9258
8664
6838
1199
6882
9546
5049
6892
5717
7473
4137
4429
6090
789
9772
2423
1336
260
3731
5399
7398
9554
5800
6082
10000
5061
5526
926
1767
7181
9106
5013
6242
476
6393
6690
2904
5662
792
1567
5902
3293
266
3721
5113
1351
2248
486
1819
2446
5714
9332
7355
1109
5182
1740
9563
9081
1966
6239
3738
5728
929
4471
4800
9559
3632
2973
3788
893
6475
1105
5249
4073
4692
3385
4075
7208
5691
2243
5303
6029
9776
6107
7988
5052
1915
7294
7085
8554
9441
7471
3494
5633
8371
9404
627
5442
4530
5898
5160
7742
8791
3653
1595
5658
9324
2873
3995
3194
5708
320
7117
7303
8279
8873
1814
759
537
6293
6024
5151
7721
2967
3310
7610
133
497
6317
7550
1555
5819
7479
3171
5366
2138
7117
8221
6839
2061
8081
9332
9035
4867
9256
5815
2987
2841
365
6494
8168
619
5329
1017
1773
9923
1210
848
6757
3756
5805
6337
162
8041
3441
6111
1953
6918
3803
7577
8473
7974
2204
8544
7682
6800
5928
7796
9861
3790
3326
6964
9184
5790
986
2273
1201
3573
9300
7905
742
7814
1585
2652
7652
2904
360
5181
8356
9288
1307
9772
5404
3752
3489
2097
6303
5186
9425
5782
4479
8080
4120
9124
8351
2951
5507
2435
5442
431
5421
230
537
1685
5660
6002
5857
9192
2931
4660
608
9708
7759
9493
9522
665
8185
4870
3417
985
9209
1783
2486
5601
8615
9439
9561
1574
2271
3899
870
1694
7912
2248
3171
4861
8043
714
4627
3994
7278
1770
2755
2833
4202
3164
5282
2311
6592
4791
2265
2651
5178
4183
5657
1841
3187
328
9413
8550
2728
8752
207
819
1052
8940
1140
2329
2407
4757
2626
811
6657
4605
7486
8205
4799
4505
592
7867
3711
4360
5860
6730
9042
7914
3610
4188
19
3733
732
1803
5913
8401
7809
7520
9631
1993
8977
6757
783
7203
2844
5217
7512
7575
1037
6924
8925
2930
5965
2882
7505
6506
9893
6263
2225
1058
604
9809
4371
9639
4698
5260
160
3919
5606
4222
5719
7500
5471
1736
618
2381
1638
1340
5439
3333
7643
6076
695
6972
1492
893
5897
3559
6270
1945
397
8472
5254
4602
5869
5190
8516
7752
7196
2667
9369
7000
8959
875
4979
4202
4307
7264
8997
7460
3397
8949
8117
7421
84
5903
4396
767
1358
4476
3262
5533
2283
91
4260
5820
416
4720
9636
5333
6388
387
817
5907
6901
8169
4252
5721
260
185
9403
3167
4594
8592
1903
4118
2804
5374
6255
4600
9173
9772
5709
8021
1005
1778
2833
1136
9427
189
5089
1678
5568
9375
9744
9175
4427
5278
8594
6877
529
712
7617
8985
2006
4047
3719
8424
1500
5282
9841
2641
4182
1342
615
9853
8566
9931
1879
954
4986
5337
4855
2581
698
1900
2627
2680
2258
4250
5205
5209
552
7561
8759
3299
7021
1632
9718
9803
3893
4132
1604
4617
4444
7789
4538
430
6209
5021
4854
2671
832
5328
2891
933
7407
8446
3839
4571
6732
2389
171
6583
8427
4651
9073
7397
5440
4370
9093
3062
2940
4231
7261
3353
2437
5122
200
4687
6769
6838
3196
3165
6410
1540
9635
1498
3732
1759
153
2627
2019
522
4377
453
3382
1096
8392
1297
7542
5261
8622
9376
2019
7718
4673
675
3471
6231
722
396
6456
2236
9843
4213
7308
3436
7420
6768
123
2179
190
3806
2426
3182
2637
8655
8519
7305
3772
3520
9909
3479
7757
2382
1559
1193
7836
7067
5372
3301
115
6353
4996
1504
7524
7936
7064
1814
9599
8103
3139
1974
9359
5258
1579
9899
1674
6475
1696
5574
1387
3426
5351
9665
8185
3981
7780
5595
3420
3696
6096
6749
7357
2492
2145
548
2014
8220
6181
8546
4718
3257
2104
5610
7340
4839
314
6922
1
4240
1778
4921
2562
7472
3132
838
7867
6972
2426
3541
954
2122
8355
8144
87
7656
5892
4201
5717
2470
4532
416
678
1619
5322
8477
7325
6841
7548
2632
6417
6248
7015
167
2053
9807
9389
3477
2593
8668
7844
178
1796
375
9720
8346
1045
2188
1834
1871
7835
8277
3059
9022
3632
7416
8903
6546
3381
7486
1033
8860
9193
6918
3620
1981
6643
5095
3131
4912
4905
9853
2095
3647
4995
8787
3557
7221
2286
4974
661
693
5898
7560
8302
864
5859
2487
6822
8116
7681
5213
1839
1350
1814
1266
4650
6769
8956
9174
6813
6314
9767
5427
9671
9244
1150
4565
6250
5573
6459
6807
5911
2316
8565
4577
4177
809
8131
9492
2848
6607
4363
2793
5680
8430
6175
434
4689
4134
3666
7338
2542
4064
1837
5469
9176
3612
1379
9065
7130
3519
6571
8336
5794
6640
5742
2605
2611
6888
9380
277
8602
8572
3513
6051
620
9746
8150
7648
274
5775
4793
7529
5922
935
1110
8538
4534
7418
6725
7848
405
8199
1046
3712
3123
7150
3425
9858
1637
2001
4919
5402
9063
3915
5717
9253
2077
5156
6839
1753
8922
1564
6132
5673
7286
7670
9306
1913
1883
2230
9329
2136
5544
4696
2277
5923
5252
4813
8097
5751
6722
4922
9224
1370
5277
3456
7378
5978
2568
4458
9606
469
9234
6032
5630
4834
8749
7529
6154
7785
993
691
3605
8966
437
3422
4189
6728
613
2971
6422
6609
3512
5990
3779
6867
2398
1395
1645
614
9684
7867
2414
2940
9739
9245
8234
3805
7395
1184
1656
4224
9738
7082
2454
4365
6584
6605
1012
512
8468
2858
8294
6976
4499
7268
8903
6452
3607
6593
3931
538
7039
3035
5781
1598
4201
6368
83
231
5909
9785
6089
8575
6432
144
2916
5141
4279
3086
9748
8229
3523
9951
8567
7062
8836
7400
1317
8591
2632
4863
3775
1734
7316
39
3994
3308
4639
2229
8295
6974
2747
5489
4282
2847
58
6873
5052
306
5300
3255
5461
5334
9877
9333
3245
526
3528
9616
8688
4946
7816
7538
4843
3014
494
1162
140
4503
5950
7242
1825
4492
7983
8196
130
5512
4604
2406
7281
6182
3340
5094
5687
2168
8570
1396
8107
5945
6861
20
2752
2683
6788
6640
7878
2117
4315
968
9143
5440
2958
358
2634
8777
7413
5342
2131
4564
4262
8170
7077
1552
4896
9126
3276
5836
8521
9275
4360
1445
8570
3261
8784
8962
3087
2566
1866
2921
8523
1590
4982
8554
9633
4446
5787
9437
2324
2284
6696
8502
3028
2632
3622
3805
1095
645
48
2396
8383
3149
4012
355
5759
6755
9943
423
7521
610
1178
8580
6983
3221
4977
1397
6647
2376
9544
2069
3737
4324
8039
6457
7583
7356
2684
6644
86
1252
7092
9606
7999
5300
9792
2315
8256
6084
7012
1458
3602
3743
9295
401
4700
2511
3668
3756
3138
8178
7979
7649
9697
4726
4603
5066
7234
4924
19
4868
80
7483
1816
6160
5605
9500
3941
4642
8306
5597
5939
4019
1281
4954
6816
8376
9630
8045
910
6081
2781
2008
3074
1745
7476
236
7966
3027
2676
5809
1425
773
782
7427
5670
8632
3191
6110
9995
3968
851
7743
604
5076
1394
3130
3041
952
7673
5757
4535
4361
1666
8869
7756
9015
1510
317
2738
2699
6961
8244
7610
6466
5375
4942
7289
1640
715
8097
1952
2729
5864
2344
1450
1722
5257
9020
8976
2728
5537
283
372
550
1564
8121
582
3129
4667
675
4798
9091
3326
8022
1056
9821
3661
9406
8025
9580
4037
3
2266
5150
7171
9115
1455
7349
6223
6133
2516
915
8622
9605
8703
4187
7030
9910
7815
1209
5058
5016
1727
5499
2101
7409
9125
5898
2784
3905
2676
8979
359
1732
1178
5867
5145
4803
6294
7033
6174
2764
6881
1912
9020
9953
7183
9294
8751
6287
1739
5034
3836
5107
2527
8620
5645
5790
5873
2633
2189
970
1964
4446
2500
1848
6090
5026
5377
2370
3599
5571
5249
4492
9211
9577
6771
5798
2536
3390
9308
7454
4720
954
255
315
8392
6550
6601
891
3174
7702
9334
5120
75
1698
8978
916
7110
8084
1078
3520
4316
9208
4195
4204
987
6535
9980
6907
800
4955
2897
7332
5466
7907
3577
499
8036
4260
9979
4626
6876
2378
2871
5677
2606
115
1069
2742
6652
8222
8913
5511
6195
7545
3718
5572
9422
3896
1411
578
1074
7207
9690
2497
5055
1095
7295
9988
9193
9289
9602
214
9553
8399
6317
4998
1440
2467
4186
4982
6894
4050
5303
3515
6802
6903
2588
8959
9047
5782
5086
9760
1654
9954
3155
7164
8384
5684
9174
9208
5670
6969
8057
7075
7148
1935
6676
6270
7982
3785
3084
5037
8580
708
3218
9408
6066
8097
2233
6931
7259
7876
2210
5364
8184
8643
9129
3736
3251
1288
5262
3014
9555
2734
4096
1259
4836
8361
9128
6457
6306
3138
7813
2281
3262
5965
5712
6224
1529
1387
4206
6470
6274
1416
1378
5443
831
1154
2696
2944
4526
9667
2817
4762
6053
4503
7184
3877
2782
4846
5460
5060
9274
2127
914
5122
4809
4112
643
3758
633
2596
1483
2372
4873
8329
8958
3415
1442
8974
5508
4290
4076
5848
9879
5618
1276
4262
1075
3499
1481
4034
549
961
1664
8023
8706
5273
4516
1873
8137
2242
3745
6690
8551
5057
7879
5274
5916
1150
8971
2259
1807
487
5038
6697
14
3328
9618
192
1275
6119
2011
4813
9258
7230
9535
5223
3745
8362
9624
9348
3178
3152
3283
1967
3692
4704
4358
5129
4184
8130
3598
8435
4375
166
3412
9473
4962
1991
1984
3798
8602
1305
6572
1198
3441
9460
4630
9865
3046
5752
3141
3612
7226
1068
6712
6441
5144
6826
6412
5204
104
7641
4561
8700
7972
9769
4563
4719
86
6718
6878
6848
2231
7615
5133
9437
9252
2
6979
370
1969
4782
98
7061
8538
4320
3929
2744
2885
8789
1905
2480
1670
7313
5419
9455
5673
428
3695
9027
3857
2667
8230
9774
9867
4112
2168
5145
5243
2082
1750
2496
2841
2312
725
3114
3832
965
3378
3843
8874
2453
7442
3808
4397
8505
9576
7725
8255
9859
6027
226
4354
1422
1100
5622
7470
3644
7307
6019
3932
939
3854
8294
7919
1566
3731
9336
2610
1215
480
5945
6298
3519
2686
8909
4111
4751
7374
8225
4195
7017
64
7511
2086
9288
8563
2250
3895
3391
643
3605
8198
124
3095
577
5913
7037
2019
6987
9618
8388
2121
6694
8163
6082
6216
8535
6333
7741
8805
9553
5914
1750
2539
2896
7747
2955
7558
9267
1775
9292
936
2210
4
1572
2024
6308
4763
900
9018
4166
7134
5211
6838
582
4890
7952
5506
155
4424
1006
7278
6989
6002
633
4429
2549
9784
5173
9274
2621
1183
8934
4695
4588
5620
7946
7170
215
155
2843
9049
8419
2679
6916
7648
8062
9062
752
377
8338
4563
364
8099
4502
7650
3627
507
8103
9041
6352
9445
1435
6575
3280
9890
9771
9
3161
1464
2762
9921
1884
7390
8194
6947
440
9254
5240
99
5315
7792
7835
627
7178
1376
4577
1580
1180
8364
1898
8542
8652
3136
936
3894
8305
611
941
8424
4499
8889
9455
7154
1311
3217
799
2530
5777
9538
5308
3746
427
5706
4921
4203
2365
7126
6404
4911
2123
2619
1708
2106
433
2979
2005
8354
766
3762
7987
1455
6660
8360
5372
9753
6045
9131
1128
3636
6916
9023
1467
4084
9072
3410
276
8408
4908
399
4054
6948
2189
2947
3574
6788
105
9277
2649
9300
6515
4530
6275
4205
2283
945
7923
3935
302
552
6586
1602
1385
783
5519
5834
4241
8793
9722
6932
4525
1283
3224
9561
3268
5163
7363
6511
9341
323
6496
497
8104
9840
222
3698
1288
3862
7997
2923
669
4243
4013
1563
822
7390
4313
9497
143
7212
9626
1178
6713
5695
6241
8163
9552
3707
7596
6038
8309
4993
8061
1645
4725
3760
1629
2524
3692
2218
3033
4751
2223
8334
4746
6239
1369
1126
6015
2665
1575
9843
4835
9871
8949
3816
3286
1591
1233
8037
1076
2597
1911
2528
5017
3946
1551
321
7129
5098
7829
4856
5778
4972
8332
7515
4241
3754
5252
584
1157
9685
6543
2197
5244
1551
6750
3128
2563
5609
6294
8943
9012
8806
8077
5127
2388
9118
4111
8043
1873
5277
7481
5715
8960
1501
3008
2168
4989
4462
1014
4141
8094
6307
2408
8855
6588
2051
9820
8633
675
3269
4277
207
4845
2034
3835
9147
825
4917
686
4235
1923
6542
1584
8393
1185
583
5060
4989
8275
4033
8371
2388
3270
234
1937
4698
3592
939
5909
2566
878
5041
3494
817
4729
1948
6049
9726
429
628
4187
3830
1572
3491
823
9226
1520
5470
1798
6297
6984
76
416
5407
5260
9754
3736
9464
8100
4675
8920
6951
3761
9110
9475
7063
9648
690
152
3434
6303
6152
115
4652
1146
1928
5578
3797
6926
2631
708
2
7129
635
9249
5047
6985
3971
3743
7708
856
3726
9902
4092
3546
9532
1590
7091
6069
6170
5316
8087
6065
6307
715
9656
9055
7612
853
3840
7666
8732
3202
2196
8754
719
1577
5545
134
4117
4023
1943
3870
2444
3994
7568
4829
6783
1050
370
2727
6198
9865
5235
9943
6664
2934
2387
8188
6590
5421
9118
957
8588
5986
9057
7207
8245
7236
4641
4092
7592
8686
4237
1816
3342
7684
4134
6306
754
9148
5671
2465
6229
1035
7385
8169
8075
6841
5072
3095
8874
9581
3411
8694
3314
8739
6021
9294
2729
1081
5669
1836
6223
6918
7104
8242
6054
1408
6520
5017
7981
4472
2593
7573
4417
1513
5104
3982
4691
9195
7274
9531
8352
1469
7309
4161
2357
7582
4018
5607
2035
115
4678
4763
2215
7141
6710
961
3532
2386
1712
4909
2969
4495
8822
9325
1084
2591
5206
6646
8388
9004
2081
1651
2340
9103
9906
4530
9226
7381
6081
6270
6767
2739
5707
3501
1643
7302
4584
7818
8424
3914
6147
2650
9220
5566
3922
738
1676
7113
3330
7546
9415
9943
1432
1697
929
2715
371
791
4016
3635
6436
6647
1776
8961
1849
7129
8727
5899
4014
2257
7473
9684
2315
7117
9541
3469
9554
1228
1414
6882
9488
50
2261
503
8789
7879
4489
6553
2047
2203
7809
7068
7650
2353
1066
7794
2360
2917
6285
2696
7283
3803
7842
5277
8310
7947
6690
9505
5919
650
9933
8703
1380
4606
5995
5
9776
7854
6469
7967
4554
4050
5418
4576
4494
3115
3259
2116
4597
8147
6964
4407
446
7573
6132
5974
9502
9759
5487
811
4901
2546
7516
4252
4626
1582
7897
9221
8731
6541
8482
7742
3191
4085
666
2813
6279
8166
7308
4656
9806
8166
9760
7623
1788
5138
1249
1107
3283
4028
6989
510
4006
5033
6410
4444
7466
521
3911
1226
9849
3414
9595
181
5166
1221
9434
5501
1777
9820
8364
7631
3257
9559
3049
9015
1467
4791
7974
4222
6827
6657
862
2699
1124
4098
7698
5943
4059
2378
243
1737
8598
2442
9526
6211
1104
5148
1385
9630
3109
6740
1986
8675
7340
2756
7456
1667
9965
929
4068
1343
3441
8531
7412
1397
6208
8317
964
2580
8502
2530
4442
4144
8225
7465
2485
2313
3152
666
5519
6198
5692
3223
9826
3164
6608
3907
3170
6188
3931
6130
3276
447
6934
8589
2339
10000
2325
9302
331
9319
3115
7233
8666
9774
3509
7777
9782
9820
7212
5398
9970
6070
6289
3118
71
4875
2645
2825
2205
8054
3423
8760
1986
6988
2595
9726
4397
8793
6852
6348
3878
5849
1915
2565
4805
8633
4090
3443
3987
2580
4794
838
4930
6150
9527
253
5269
5629
5228
4831
6167
2924
1874
2497
1922
9753
493
1521
453
7852
8476
8764
2718
2117
3333
5449
6129
1983
9383
6286
2978
556
1741
1905
9646
3581
6461
1846
5140
9887
6087
8980
4998
8219
7066
8293
4434
4512
6569
2817
4862
5287
1861
1577
2938
9739
5909
5651
1551
1120
8568
4434
3115
7553
8689
5591
4743
6816
9466
7891
5501
4424
5414
3337
2194
4333
3566
4618
20
885
1127
9730
1813
750
1223
232
8036
2572
695
8224
4028
5746
1736
3553
3485
9533
1811
5113
7518
2359
6761
6495
9646
2036
7334
4780
6428
9051
1262
7129
9052
8914
3448
2562
4201
2408
2310
2661
3001
2386
8428
4339
8946
5913
2844
9521
191
1119
2047
6608
1881
5951
6019
4624
8012
8491
8277
547
1271
1150
4401
4906
68
8134
5926
723
5854
9744
4761
8084
6486
464
8195
7331
8223
8167
4507
390
1806
8332
1778
2101
3815
326
4033
4652
2035
3107
1012
2692
240
7379
2403
6353
4032
4432
2271
753
7929
6482
2444
3619
5854
6266
7436
8947
3261
8235
4284
9590
8299
5934
2387
5963
5871
1870
7856
9991
6827
9703
3214
2456
5554
5124
4002
6599
8182
4682
8043
906
8843
2265
1629
222
1833
8226
5338
242
6613
4050
8232
7494
4116
5614
9853
9722
4080
533
9935
8374
4906
6774
9371
1902
2157
5133
8385
6078
8591
6601
6353
1837
676
2606
304
8947
3372
8457
5064
7324
4553
904
2525
1729
3057
7382
9367
7093
3958
744
7332
8484
6298
6262
6938
7799
6624
1285
5539
9406
5278
9493
8105
9606
1815
6450
8434
6401
9161
7132
7151
1509
188
6469
275
3792
53
699
4583
2235
7214
6831
6938
9330
2398
78
5300
1187
4760
6734
6599
1348
2046
5850
3829
5966
5197
7855
7882
4876
4718
6427
2620
3646
1992
3603
6612
5243
7605
271
1380
5365
9623
7760
6053
1562
9033
918
9523
9656
7712
3715
6812
2146
1729
4911
9573
6766
7148
4041
6851
4
610
9003
5991
5747
2960
7938
414
6222
2641
6590
4959
6429
3851
6100
9872
4169
7265
1021
3467
9721
443
2548
7846
470
638
7970
8177
8348
1567
317
588
6004
136
5092
1028
1521
9075
4085
9491
7853
7296
552
4053
1589
9130
5147
5235
5845
2343
7004
3542
3568
5928
6512
1571
739
7024
2554
5239
1088
8132
1619
2080
622
8721
8983
774
775
3090
5238
1270
5128
2375
9720
5142
3701
5397
561
2244
2370
2599
375
6933
150
276
5477
5281
6966
959
3380
8693
9251
329
7996
6193
5810
6604
4693
574
9239
9153
9605
1561
4917
7294
1864
6178
461
6124
3855
6985
1172
6606
6749
1142
4279
6161
1726
3656
2373
1792
4817
2044
962
8878
6985
9937
1716
4184
9119
9406
6656
7079
1436
9059
2681
9754
3319
240
3959
5541
217
9106
7853
1103
7749
6854
5219
3739
2707
3357
1265
7333
1610
2377
6081
1828
7021
3803
9651
6743
9676
519
9451
9064
352
1726
5139
6520
1473
9891
2166
4255
3837
7335
4323
9992
8433
4154
5867
6310
2638
3949
3796
3003
1490
2060
7312
6275
5975
9561
5322
8881
3287
6262
979
5829
3718
7722
4533
8049
9473
5290
6262
9626
9464
5297
1732
7989
2655
6763
279
1797
974
4807
893
4920
5265
8363
7014
3792
4781
1822
8985
5770
6250
2906
951
6925
671
9239
4724
9602
8293
3254
357
6458
2598
4238
4205
5860
2444
3654
6625
5299
4962
4481
219
3975
8786
3988
9821
5751
7227
1520
353
2274
4000
5071
386
7527
2864
6522
1501
1287
385
9558
8682
812
7970
3568
5442
6899
8617
1259
8886
2554
2153
6538
1986
5113
1054
2001
3336
6208
7045
8711
1026
9680
4556
6933
4588
8367
8854
8730
8540
5488
7025
7987
4712
3949
2247
349
5218
1848
6891
6191
4051
1793
8035
4795
5974
2629
8168
451
897
3685
5280
9267
9964
9607
7446
833
2271
3222
1539
6160
3861
3071
9888
3450
7578
5626
9729
9484
1682
4852
9269
4717
3229
9668
9036
9969
5210
8755
6873
1570
7133
6253
9113
122
3491
5309
5060
797
2585
4727
4551
2274
4119
7775
4722
6305
6455
9992
7242
6813
1388
9107
7012
7846
5083
7713
1274
196
5374
9067
2789
2290
178
6476
1788
1621
4672
6977
9626
7059
1576
5331
4356
7325
6273
8244
6906
6791
1130
8277
8330
9778
1811
9102
5999
3322
7437
7752
2908
6721
4240
2881
6843
5242
5698
2578
4409
6907
7873
6533
4477
8831
5514
2074
4057
1476
6308
5317
2099
5110
9523
3572
3729
6220
1928
4115
3625
7169
6904
5524
5320
2985
9264
703
2936
3046
464
5775
1423
6089
2545
2878
8737
9504
2023
1273
8952
5910
6699
9591
5350
7035
7831
8861
4274
8847
8753
2740
5851
4317
1216
1455
8299
1307
4495
7735
4426
880
1323
1865
9782
3442
8691
5900
607
1951
7431
3901
6508
6537
819
1663
6573
6922
2065
8509
5714
5512
252
6747
6573
3378
8542
3107
5680
987
709
887
1101
1945
4345
4305
78
314
3210
6775
125
7532
4855
3804
5312
6919
3657
2798
1075
4346
3029
859
5930
7072
3451
9186
3657
4447
6213
9147
9318
386
3760
104
1303
7663
9079
7860
7035
5156
5229
8087
9142
1352
2434
2219
9590
3175
1688
1258
1600
8620
2959
4264
8492
3005
4264
5506
3113
3169
263
4387
6345
8461
5689
7688
7688
4292
1688
2740
9443
9174
5719
7394
3051
5535
940
7949
5297
8254
3368
158
6585
2872
1079
4358
9584
5019
1705
404
7987
8971
9845
2206
9560
1249
5142
9106
8837
3458
4538
6915
2079
1433
2450
9672
1598
4406
8351
6681
7123
9497
5536
8728
7688
3431
2583
513
7277
7596
5836
1841
5188
5235
5763
8900
5598
8790
5583
5550
2931
7580
5081
6442
4349
1097
6408
4130
35
5532
5809
4864
8037
7498
1815
2587
1516
1919
3249
451
5817
9115
5378
8496
5591
8174
5201
4559
5237
5436
2673
435
9621
2019
5162
1011
6920
79
3548
4190
9837
1680
1933
1008
6365
3220
7592
4632
4236
652
2864
4601
6234
5529
7465
5364
6057
4689
9835
8225
9820
6240
5957
1257
5513
773
3287
9288
6595
478
7324
2234
6073
4245
3393
6181
9921
5178
614
2219
5746
6878
8344
8973
582
4018
9405
1671
2435
674
2871
5967
7575
6005
9444
9007
1480
5571
2979
3987
8500
1588
4525
6582
8465
9566
231
7452
8630
8058
1958
8413
7940
4185
272
225
2403
83
7399
8515
6372
893
4441
557
9072
3432
1384
6966
1194
9336
9462
6210
8579
7375
3400
2244
4184
2109
8870
939
9210
3328
9933
3782
6919
7984
9313
9918
137
7064
1064
3957
8567
8772
3766
4402
8440
4695
1425
8330
3144
7996
5132
1005
4493
8871
131
7781
2738
9343
997
9364
6949
2752
8712
3254
1250
6330
2984
9770
1917
8178
73
2356
4841
8781
7502
6093
7724
8312
2983
3041
9994
6136
8724
1407
2185
8224
3337
9154
9657
8916
164
1959
5775
7256
6952
4580
5609
3967
6202
5306
1264
6573
4116
356
9985
1263
31
4054
9599
4031
6587
4320
8859
3333
8617
6529
9791
6962
3224
6005
259
9384
2762
8641
8047
3889
1638
4909
2113
7829
1998
4748
2814
7975
4715
2031
5789
753
9763
7746
7314
63
4182
1666
4820
3483
1830
8091
8705
1494
1308
5855
4278
882
6879
6159
7018
927
278
3197
8715
5806
4689
3810
9409
1966
2220
285
599
1107
6024
3606
7
1655
6922
4360
5733
2073
7542
6565
5570
9358
7673
2271
8547
6030
5855
9227
5107
9649
4293
4911
7574
2531
6619
6236
1874
6515
2230
2952
5388
5033
78
1733
8283
6131
6098
514
7452
8303
6717
1428
3121
9918
8197
6077
5601
9309
7252
5684
829
7943
4856
4088
7953
8433
2060
5334
7864
4816
7720
3767
6085
9766
2963
3307
6590
4922
3443
5627
6935
3049
7811
2745
2026
8047
8381
4465
183
9269
1464
3037
9022
7379
236
7202
6430
370
7595
5419
6416
2724
5154
3934
5877
2180
5599
9124
4321
8714
8161
8561
2160
5852
4224
4728
5514
3782
1066
8126
7503
1562
386
1265
5073
8895
3989
6015
1916
809
84
6746
9437
1900
1255
7931
2220
9521
3869
5227
7425
833
7415
8542
4331
9865
1111
5346
9042
2523
8423
8115
5150
649
4976
6594
4685
2283
1480
1494
8279
6225
4808
2987
4952
829
9978
8139
1856
7884
2101
7992
843
8639
572
1834
1669
3618
9028
7511
9025
9684
5044
4659
3361
1243
813
6439
6266
2473
7127
6705
3492
3367
7313
7207
6491
1026
3805
6984
4958
5755
3213
897
5746
2480
8623
7039
1527
928
5825
4469
2092
1716
1519
5331
671
8991
7091
8051
8980
1714
2028
1197
1610
6506
5096
8435
6612
1651
5150
4529
7317
7901
8067
1448
893
4506
4459
9651
9484
1629
6355
8058
9917
178
5828
7436
6378
3074
3819
2284
3458
4344
7484
9121
7277
7601
2018
9142
8099
5137
232
3826
9075
8699
3325
6275
2884
7078
4861
5257
2079
7728
7197
4541
9616
6992
3997
7253
4954
3207
3687
3321
8536
6597
3131
8759
185
8014
14
8228
9290
453
8410
4104
1437
1219
3723
2690
359
5806
124
5246
7905
1890
9419
4775
1522
9022
3783
4483
5533
4816
6717
6155
8562
4726
8917
2692
7375
4934
2786
5078
9080
7195
6248
7878
3622
9683
3674
2153
3613
8670
2406
8977
8322
4140
2034
6444
465
2288
9320
9663
1619
367
5062
9498
5119
5727
7709
9997
2207
106
5261
7601
9285
1219
792
8183
1240
4336
5878
3553
9912
8084
5259
9331
4874
4600
9506
2589
2681
2097
1810
2580
5279
1535
8983
7218
6796
4359
3962
562
8433
5549
8031
7950
4973
3151
9604
2291
3052
7195
3621
5902
8013
4410
2110
9069
6235
1260
7343
1620
567
4699
1599
816
2199
5619
8363
1848
7582
8647
1931
4413
7898
8128
6114
5139
4452
5363
9134
4205
4426
5501
696
3117
4702
9004
6538
4401
3719
5786
6469
7448
3110
3801
2651
5267
6472
2419
6559
7935
1637
239
9347
7245
7772
8082
8759
4449
2596
5098
916
2181
5511
1403
2130
9153
1538
8040
1252
8978
5849
885
9239
3206
944
8123
4576
1939
7128
4494
418
8114
1347
1512
9735
2958
3422
1538
786
4968
4254
4068
8703
4174
5787
5727
7486
8917
2156
8003
9698
503
2304
6256
5522
622
3719
8763
7745
1914
6260
567
1609
6235
8447
2511
5657
7841
8111
3501
3178
9370
2509
544
821
378
7694
4223
400
2810
1634
2986
2502
7340
6317
9412
9679
2052
7581
5878
3873
934
6389
3322
4617
4481
3388
2399
2283
1581
1595
352
8697
8848
2693
4113
6723
4369
3270
4456
7414
8395
3431
2720
8066
4685
6457
223
2051
3664
9225
6697
4442
5699
9390
7813
4054
6167
1345
7438
1578
6777
9119
9808
9792
1199
8582
3939
3520
3402
2408
5704
8440
6800
4225
9108
2291
5347
895
4866
2681
8509
5
8171
3478
3625
7905
2145
9922
2574
1168
2336
9885
1293
1165
541
68
5489
677
5905
4987
1661
9873
3557
6978
8133
6679
1789
3946
4052
7951
3057
1262
4350
6873
7779
7096
8018
3515
6661
2884
1262
1751
1103
1425
7219
1522
3563
483
7039
9745
2374
6225
9492
7653
1103
6299
3659
174
2694
1892
9813
3206
4461
8888
8936
4169
3899
8626
9218
4735
5124
4369
217
3297
8882
2861
5449
8746
7767
2631
5187
419
3198
4937
6590
1894
5820
4041
7817
5665
1352
9768
3520
6409
608
5006
4905
6268
286
2129
8506
4637
2360
8380
6461
8640
9199
9227
9129
7426
3447
8171
9269
4634
318
288
2524
4369
7157
2173
2474
2500
2854
3277
8181
2706
1968
6334
656
9357
365
4448
2469
6027
9104
3825
5905
331
9770
350
6574
5586
1835
131
6234
5135
2377
7057
1842
9341
6597
3165
4840
795
7638
9172
5735
242
2554
4590
9286
6252
223
9598
5425
5839
4968
2931
6071
7890
7272
5162
3354
8993
7972
8921
6908
5559
6839
9714
5268
2961
8544
7307
9755
4237
908
1522
3095
6018
8988
289
9022
4197
4589
7709
1440
6048
8350
7598
1224
129
1476
126
2440
153
3343
4187
6673
9992
4107
6294
1332
2776
4527
4118
4857
628
2502
7213
1511
8910
8673
8586
3604
5652
8519
640
1990
8380
910
6890
5242
5256
532
2429
1143
4269
4042
4377
3299
801
5319
5651
6148
9520
3950
880
920
7814
7243
7901
8439
1816
5151
5408
2016
261
1177
3851
4467
1804
4156
4780
6353
233
9717
9225
9723
4512
9949
1125
1840
7204
1504
2632
7521
4619
9320
4418
1300
841
8161
1428
8586
3717
5763
7852
4719
157
5651
1263
7882
157
5280
7362
3916
500
8655
2179
1164
9357
6457
7584
8679
4804
9017
7276
1004
7934
3343
6615
5085
2195
2624
8585
8652
4830
5481
6628
3353
8899
4848
8625
8294
3631
6737
2191
9836
6527
6968
4973
8868
7586
1182
7660
9511
4182
3271
444
1098
2498
7536
9016
7312
5289
5097
7250
5304
3410
6613
9710
9342
3158
4020
8089
4859
7330
2038
9872
5111
6515
8264
4937
4928
7344
4157
9450
444
4898
8735
4268
2142
9953
1600
5116
2160
9043
647
3504
6478
268
5884
7612
6940
4586
9671
3817
7363
9356
3558
2318
1577
3229
4641
4317
177
5924
1091
4856
1071
7365
2277
1128
2837
5284
1733
5599
5536
9130
9585
4777
6524
5439
2941
910
858
3420
8334
2498
6735
6081
5316
9674
3987
4798
8407
8078
4247
341
13
9035
1620
3720
3630
1665
147
9621
8957
4470
7982
7084
3517
400
9516
336
1190
7085
8436
538
5632
8544
4163
4696
8152
5059
7242
9755
6471
3485
1555
2345
4068
9910
3732
6350
40
481
8827
8701
5442
7349
1813
1074
1269
5667
4169
1177
4294
2730
9472
2141
3231
7564
1366
139
4288
4611
3431
9119
6063
3416
3996
4849
2936
1348
8424
1663
5647
3485
9672
725
9036
9302
9784
8847
8654
9906
4130
5695
8830
4092
7875
6872
4214
2290
8634
2260
931
7218
2044
8440
9464
2007
5979
1745
9826
833
364
1984
4538
696
8470
4869
2925
7883
573
5732
4798
850
5298
432
5386
3589
5151
4572
2347
7116
9865
2771
1000
2116
1437
9988
9677
9093
2945
6689
3227
6433
8611
5059
8586
3067
6158
4718
6294
8603
4194
6809
8300
1189
2268
7148
859
5482
9941
6607
8006
59
226
8220
2477
4359
2173
2148
5282
1992
8567
7966
6053
280
2607
8595
9027
9605
9398
9987
2656
2144
5547
954
5894
8279
8759
1550
7665
9527
5708
5383
8127
1606
1084
3443
2215
9488
6807
6089
440
6700
1084
9440
8901
1228
6363
2271
6163
599
5614
643
2510
7821
4395
7400
8401
1986
9595
4033
479
7754
790
7692
5215
7694
635
1399
1315
660
2295
221
6266
4832
8154
2202
679
7418
3990
1222
2565
9227
2613
2708
2457
7423
9968
949
4912
8671
8396
9095
6282
5650
6772
8324
7332
3379
7541
7280
4599
2182
7668
7963
388
9245
5064
6142
4169
3706
3117
6997
7579
118
3007
4930
904
3313
5429
800
9693
403
793
4375
2939
7062
7887
250
1780
8965
9347
4524
5517
2349
894
2357
6169
4876
1660
1891
3458
4995
378
9188
5822
2514
7417
4784
2410
9602
22
252
6115
3303
5728
2086
9263
3275
4491
379
9252
1366
2472
4388
7868
1496
134
8545
6832
6150
3212
8718
8434
820
6612
9545
7637
590
4928
5142
8203
9102
1732
7862
5797
3885
8530
8857
7585
8119
8963
6669
3994
271
3372
838
252
9922
7489
9575
9316
1190
4721
4486
9105
8971
7801
6489
5052
2490
8090
3384
3710
5228
1298
1057
8597
46
2424
6213
1119
5692
958
3276
1735
7888
97
5394
4989
2033
8402
5348
5723
1615
6705
8266
4461
3009
7598
6694
1632
8500
4966
7616
7385
6687
5951
4350
2359
4499
3403
4932
6858
1781
1481
2416
772
1250
6572
420
837
1379
1244
529
1603
1402
5460
1884
6514
6797
5719
1112
7611
2191
3888
411
7346
888
3394
5554
8412
949
375
9173
9107
5352
7124
5291
4833
6167
5706
8914
8129
3009
6724
4329
5061
9196
1449
450
9351
2991
1243
3553
5809
1151
8389
9996
2628
9243
4277
9174
921
7038
2594
3123
4993
5427
6008
2272
4582
4415
7570
3152
8801
4898
830
9438
6239
1176
2327
7734
7830
6396
6906
3869
8150
810
8702
2325
3568
733
6881
639
4543
3459
6987
9186
1988
7141
1415
3649
23
3935
5091
9574
5243
5774
3846
7496
3834
1980
8995
1861
7150
120
8573
9180
2310
7608
2607
2870
2149
4747
8377
5938
6040
9039
2507
3868
1818
6124
9903
5858
9
8936
8207
3700
5929
4742
9359
2854
361
3868
2067
9778
1937
3279
5722
3632
136
6906
2433
3936
3354
7256
5559
922
9365
4974
6266
463
4028
7032
8540
8082
6108
6856
3557
1585
9690
4089
4840
9606
9971
9856
8858
5591
1030
2344
3944
235
3503
9809
4980
4256
4371
3410
9924
5348
6609
3746
8355
7628
549
2626
526
5168
6578
3397
5215
7336
7628
983
3659
1828
1686
4721
7066
5237
6125
7078
6862
8664
9597
5915
1097
6633
2841
9759
6359
3642
1485
7318
216
6130
9804
3080
7015
6243
5650
5853
7639
447
594
1957
5919
6614
9445
6637
8494
5490
2127
1948
2489
3490
122
2270
440
9531
1187
4852
7480
910
8443
6273
9435
4028
9245
7656
6972
7144
6710
6933
3501
5974
7217
5413
8120
5599
8961
7929
4621
8442
5101
4329
543
865
4010
5664
7191
3346
5730
6556
8078
3310
5860
4361
1956
981
4999
2549
1057
7230
1215
55
3303
2146
7521
7400
2613
4067
3095
1156
5110
6378
5319
6848
6509
7644
6777
6471
1782
7399
9034
8979
1544
5707
5999
3067
6421
4236
9107
867
5325
1714
2357
7757
6164
3279
6704
4032
7272
1681
6649
1169
8785
7320
9477
4013
8045
6559
4978
5946
1582
6679
3966
5116
8511
3830
4435
1997
9247
9821
39
4491
2710
4858
560
8053
7144
4839
5094
7992
8059
5834
6592
6159
4185
8122
4317
8642
8045
1326
8616
2541
9793
2868
2244
163
1081
8594
2418
5687
2485
3187
8440
1275
9020
25
6205
3205
7183
5666
5930
96
9523
8023
6233
853
9487
2400
6429
8624
8391
9359
3252
1315
7061
8730
827
7142
3843
6500
3914
9788
2818
2616
6748
4750
5011
1390
6284
9771
1961
470
5218
617
6012
6670
1862
2508
1552
5405
9207
4348
780
573
5108
7504
5620
4348
9330
2350
951
5610
3099
576
7471
2926
476
4865
1359
9663
4389
2990
3351
8366
3376
2453
2191
3699
9945
3168
495
2306
1080
9018
8840
5808
4623
8101
4977
3160
5422
8214
3519
1784
908
4383
6815
4773
8386
2990
7327
3599
1841
6033
533
7511
5144
165
2350
8445
7129
5481
131
3472
2306
5192
1634
7568
3908
8470
9033
6806
2973
1278
8052
1243
1246
8663
7012
8448
4716
7435
4236
4607
5778
9671
3446
1439
886
1629
8811
2779
7540
2713
6277
9087
2057
513
4086
3126
8246
2040
4956
9201
3065
2081
1233
8318
1657
9066
5664
3719
2683
8235
3649
3601
5389
5962
6201
1331
5931
2377
2374
1967
6174
6771
6671
183
6828
6556
9148
3102
1144
7510
6471
4084
1644
4584
8010
9814
7881
5260
8335
2116
9647
6441
3880
2924
9297
1273
3098
9457
8974
2086
9344
4339
6349
1420
3337
8568
287
2438
4399
2540
2092
2042
9312
9499
8328
3432
213
7989
8672
4376
4229
3372
1950
7294
9196
5215
8989
532
1952
940
9870
1794
4313
5372
5750
6068
5222
3171
5649
4534
4289
3614
4230
861
863
9303
1897
7926
2335
2164
5272
9960
1114
9959
8368
9869
1198
124
144
3836
8277
4722
1391
4733
1984
990
7340
9343
5699
4719
911
9029
3869
8473
8896
1464
4996
7952
8261
3317
5399
6504
7175
3649
8908
7904
9654
4968
1425
3182
8024
6149
3988
8987
2163
118
804
379
2235
833
5833
2890
7586
7734
6617
5179
747
2862
3522
6170
2493
5016
9787
9599
2731
2633
5889
5387
2511
7521
1383
6241
7904
6873
704
5612
6880
3308
7264
1153
2108
5437
4069
546
6430
5912
1751
7155
7303
6613
5301
2632
5429
7397
1773
6281
4274
4870
5234
2990
9803
1128
5042
5153
7181
1887
682
1437
8630
5638
912
768
678
3705
7645
2863
1654
7912
7799
2975
4691
6189
9491
1879
2174
4391
8870
4142
4153
8611
3575
2278
4820
9353
6866
3508
801
8269
6093
2918
9432
166
7492
9549
7282
6831
6542
3219
9474
5849
8273
4546
741
917
2021
4139
6222
5249
3201
1242
4780
4671
171
9339
2430
6893
6716
9406
8686
6457
2205
7438
1115
1377
4467
6594
2196
8382
3624
7149
7384
1338
200
8530
3797
6991
5408
5339
4129
